1800 1899 2
1900 1919 -4
1920 -1
1923 -1
1926 -2
1927 -1
1928 -18
1929 -17
1930 -25
1931 -23
1934 -3
1935 -4
1936 -1
1937 -5
1939 -3
1940 1
1941 -17
1942 -12
1943 -9
1945 -6
1946 3
1947 -52
1948 4
1949 -1
1950 7
1951 35
1952 5
1953 20
1954 3
1955 6
1956 18
1957 45
1958 22
1959 47
1960 11
1961 46
1962 29
1963 5
1964 -21
1965 -21
1966 24
1967 67
1968 33
1969 51
1970 15
1971 10
1972 -18
1973 -45
1974 -47
1975 -32
1976 -83
1977 -28
1978 -13
1979 -29
1980 -23
1981 -27
1982 -29
1983 -14
1984 -8
1985 -49
1986 -83
1987 -8
1988 -2
1989 11
1990 2
1991 -1
1992 -1
1993 -1
1994 -1
1995 -1
1996 -6
1997 -3
1998 -3
1999 -2
2000 -2
2001 -2
2002 -3
2003 4
2004 3
2005 -1
2006 14
2007 -10
2010 -4
2013 1
2014 2
2015 -1
2016 3
2017 3
2018 1
2019 4
2020 3
2021 3
2022 22
2023 323
2024 5022
